4769933107511968: 2, 2, 2, 2, 2, 11, 283, 47883202573
641682153611521: 11, 58334741237411
7891863363918690: 2, 3, 5, 13, 15289, 1323536339
4121813364822171: 3, 3, 3, 3, 101, 503827571791
4758485651454790: 2, 5, 263, 4547, 397912939
9097560716391937: 331, 379, 6763, 10723051
3925737002534293: 17, 23, 643, 9511, 1641751
4567735713861728: 2, 2, 2, 2, 2, 67, 107453, 19827029
3841197073650347: 41, 257, 364543710131
7925256823778764: 2, 2, 1981314205944691
6017484286073870: 2, 5, 67, 24677, 363955093
6188829596229711: 3, 661, 70321, 44381377
2469854562912021: 3, 823284854304007
3306953221881878: 2, 16233313, 101857003
5371351500038169: 3, 743, 2409758411861
5119171161668858: 2, 7, 365655082976347
5225807225334811: 5981, 873734697431
3779061051034076: 2, 2, 31489, 30003025271
6419182460861757: 3, 41, 449, 157393, 738487
5785102255182239: 11, 525918386834749
